1
-50 0 -50
-17 0 -50
17 0 -50
50 0 -50
-50 0 -17
-17 0 -17
17 0 -17
50 0 -17
-50 0 17
-17 0 17
17 0 17
50 0 17
-50 0 50
-17 0 50
17 10 50
50 5 50
7
-10 0 0
-10 0 -10
10 0 -10
10 0 0
10 0 10
-10 0 10
-10 0 0
6
tree -2 0 0 1
tree -5 0 0 1
tree -8 0 0 1
tree -10 0 0 1
tree -2 0 -2 1
tree -5 0 -2 1
tree -8 0 -2 1
tree -10 0 -2 1
tree -2 0 -5 1
tree -5 0 -5 1
tree -8 0 -5 1
tree -10 0 -5 1
tree -2 0 -8 1
tree -5 0 -8 1
tree -8 0 -8 1
tree -10 0 -8 1
tree -2 0 -10 1
tree -5 0 -10 1
tree -8 0 -10 1
tree -10 0 -10 1
tree 10 0 10 3
basketball 4 0 0 1
